version https://git-lfs.github.com/spec/v1
oid sha256:f33e2dc39869685d23d2a9e338b58b7962e2ffb29b596f03ad1e05632f0e11ff
size 24581
