version https://git-lfs.github.com/spec/v1
oid sha256:159cc20324bbcc3a9eb2f743f08273ea5dfda524b657dab9600a6832556b009a
size 22332
